37017
43769
43963
48461
51468
47426
45845
52687
55748
41606
56224
34601
36283
50248
39736
52301
30884
36127
46324
43228
32026
51016
44300
47413
47894
44967
39327
43198
43682
51003
51812
42523
44866
59723
48640
47812
44505
36714
45797
51343
44363
46313
45562
44751
49733
46967
43339
38069
42996
41140
52815
40014
44148
39843
38197
41190
37224
46972
53134
44869
49738
43216
48244
42972
44944
43600
45005
42395
44082
41743
46909
35073
43043
52812
46550
52295
52616
47483
43966
47409
52518
40444
42170
53736
42689
47581
33582
43129
39287
49848
55154
48696
45757
47522
45615
47944
39653
48244
43680
46675
44122
48605
44004
47270
47281
52045
42960
42694
40783
47415
48319
46661
49369
44225
46251
50449
47926
47784
39666
44457
45139
44131
44458
37944
46565
45534
50349
43506
50202
46650
49678
46338
38079
